acc = 0.9210759157671209
eval_loss = 0.48067281731549283
f1 = 0.9189618875525394
mcc = 0.9130817823521348
prec = 0.9211528351385871
rec = 0.9210759157671209
