acc = 0.9178057873246938
eval_loss = 0.31925027502891823
f1 = 0.9110793050135344
mcc = 0.9094280669661418
prec = 0.9107192305603345
rec = 0.9178057873246938
